0:	(-667.09, -1665.41, 199.13)
800:	(-668.09, -1665.41, 198.13)
1600:	(-669.09, -1665.41, 197.13)
2400:	(-670.09, -1665.41, 196.13)
3200:	(-671.09, -1665.41, 195.13)
4000:	(-672.09, -1665.41, 194.13)
4800:	(-673.09, -1665.41, 193.13)
5600:	(-674.09, -1665.41, 192.13)
6400:	(-675.09, -1665.41, 191.13)
7200:	(-676.09, -1665.41, 190.13)
8000:	(-677.09, -1665.41, 189.13)
8800:	(-678.09, -1665.41, 188.13)
9600:	(-679.09, -1665.41, 187.13)
10400:	(-680.09, -1665.41, 186.13)
11200:	(-681.09, -1665.41, 185.13)
12000:	(-682.09, -1665.41, 184.13)
12800:	(-683.09, -1665.42, 183.13)
13600:	(-684.09, -1665.42, 182.13)
14400:	(-685.09, -1665.42, 181.13)
15200:	(-686.09, -1665.42, 180.13)
16000:	(-687.09, -1665.42, 179.13)
16800:	(-688.09, -1665.42, 178.13)
17600:	(-689.09, -1665.42, 177.13)
18400:	(-690.09, -1665.42, 176.13)
19200:	(-691.09, -1665.42, 175.12)
20000:	(-692.09, -1665.42, 174.12)
20800:	(-693.09, -1665.42, 173.12)
21600:	(-694.09, -1665.42, 172.12)
22400:	(-695.09, -1665.42, 171.12)
23200:	(-696.09, -1665.42, 170.12)
24000:	(-697.09, -1665.42, 169.12)
24800:	(-698.09, -1665.42, 168.12)
25600:	(-699.09, -1665.42, 167.12)
26400:	(-700.09, -1665.43, 166.12)
27200:	(-701.09, -1665.43, 165.12)
28000:	(-702.09, -1665.43, 164.12)
28800:	(-703.09, -1665.43, 163.12)
29600:	(-704.09, -1665.43, 162.12)
30400:	(-705.09, -1665.43, 161.12)
31200:	(-706.09, -1665.43, 160.12)
32000:	(-707.10, -1665.43, 159.12)
32800:	(-708.10, -1665.43, 158.12)
33600:	(-709.10, -1665.43, 157.12)
34400:	(-710.10, -1665.43, 156.12)
35200:	(-711.10, -1665.43, 155.12)
36000:	(-712.10, -1665.43, 154.12)
36800:	(-713.10, -1665.43, 153.12)
37600:	(-714.10, -1665.43, 152.12)
38400:	(-715.10, -1665.43, 151.12)
39200:	(-716.10, -1665.43, 150.12)
40000:	(-717.10, -1665.44, 149.12)
40800:	(-718.10, -1665.44, 148.12)
41600:	(-719.10, -1665.44, 147.12)
42400:	(-720.10, -1665.44, 146.12)
43200:	(-721.10, -1665.44, 145.12)
44000:	(-722.10, -1665.44, 144.12)
44800:	(-723.10, -1665.44, 143.12)
45600:	(-724.10, -1665.44, 142.12)
46400:	(-725.10, -1665.44, 141.12)
47200:	(-726.10, -1665.44, 140.12)
48000:	(-727.10, -1665.44, 139.12)
48800:	(-728.10, -1665.44, 138.12)
49600:	(-729.10, -1665.44, 137.12)
50400:	(-730.10, -1665.44, 136.12)
51200:	(-731.10, -1665.44, 135.12)
52000:	(-732.10, -1665.44, 134.12)
52800:	(-733.10, -1665.44, 133.12)
53600:	(-734.10, -1665.45, 132.11)
54400:	(-735.10, -1665.45, 131.11)
55200:	(-736.10, -1665.45, 130.11)
56000:	(-737.10, -1665.45, 129.11)
56800:	(-738.10, -1665.45, 128.11)
57600:	(-739.10, -1665.45, 127.11)
58400:	(-740.10, -1665.45, 126.11)
59200:	(-741.10, -1665.45, 125.11)
60000:	(-742.10, -1665.45, 124.11)
60800:	(-743.10, -1665.45, 123.11)
61600:	(-744.10, -1665.45, 122.11)
62400:	(-745.10, -1665.45, 121.11)
63200:	(-746.10, -1665.45, 120.11)
64000:	(-747.10, -1665.45, 119.11)
64800:	(-748.10, -1665.45, 118.11)
65600:	(-749.10, -1665.45, 117.11)
66400:	(-750.10, -1665.46, 116.11)
67200:	(-751.10, -1665.46, 115.11)
68000:	(-752.10, -1665.46, 114.11)
68800:	(-753.10, -1665.46, 113.11)
69600:	(-754.10, -1665.46, 112.11)
70400:	(-755.10, -1665.46, 111.11)
71200:	(-756.10, -1665.46, 110.11)
72000:	(-757.10, -1665.46, 109.11)
72800:	(-758.10, -1665.46, 108.11)
73600:	(-759.10, -1665.46, 107.11)
74400:	(-760.10, -1665.46, 106.11)
75200:	(-761.10, -1665.46, 105.11)
76000:	(-762.10, -1665.46, 104.11)
76800:	(-763.10, -1665.46, 103.11)
77600:	(-764.10, -1665.46, 102.11)
78400:	(-765.10, -1665.46, 101.11)
79200:	(-766.10, -1665.47, 100.11)
80000:	(-767.10, -1665.47, 99.11)
80800:	(-768.10, -1665.47, 98.11)
81600:	(-769.10, -1665.47, 97.11)
82400:	(-770.10, -1665.47, 96.11)
83200:	(-771.10, -1665.47, 95.11)
84000:	(-772.10, -1665.47, 94.11)
84800:	(-773.10, -1665.47, 93.11)
85600:	(-774.10, -1665.47, 92.11)
86400:	(-775.10, -1665.47, 91.11)
87200:	(-776.10, -1665.47, 90.11)
88000:	(-777.10, -1665.47, 89.11)
88800:	(-778.10, -1665.47, 88.10)
89600:	(-779.10, -1665.47, 87.10)
90400:	(-780.10, -1665.47, 86.10)
91200:	(-781.10, -1665.47, 85.10)
92000:	(-782.10, -1665.47, 84.10)
92800:	(-783.10, -1665.48, 83.10)
93600:	(-784.10, -1665.48, 82.10)
94400:	(-785.10, -1665.48, 81.10)
95200:	(-786.10, -1665.48, 80.10)
96000:	(-787.10, -1665.48, 79.10)
96800:	(-788.10, -1665.48, 78.10)
97600:	(-789.10, -1665.48, 77.10)
98400:	(-790.10, -1665.48, 76.10)
99200:	(-791.10, -1665.48, 75.10)
100000:	(-792.10, -1665.48, 74.10)
100800:	(-793.10, -1665.48, 73.10)
101600:	(-794.10, -1665.48, 72.10)
102400:	(-795.10, -1665.48, 71.10)
103200:	(-796.10, -1665.48, 70.10)
104000:	(-797.10, -1665.48, 69.10)
104800:	(-798.10, -1665.48, 68.10)
105600:	(-799.10, -1665.49, 67.10)
106400:	(-800.10, -1665.49, 66.10)
107200:	(-801.10, -1665.49, 65.10)
108000:	(-802.10, -1665.49, 64.10)
108800:	(-803.10, -1665.49, 63.10)
109600:	(-804.10, -1665.49, 62.10)
110400:	(-805.10, -1665.49, 61.10)
111200:	(-806.10, -1665.49, 60.10)
112000:	(-807.10, -1665.49, 59.10)
112800:	(-808.10, -1665.49, 58.10)
113600:	(-809.10, -1665.49, 57.10)
114400:	(-810.10, -1665.49, 56.10)
115200:	(-811.10, -1665.49, 55.10)
116000:	(-812.10, -1665.49, 54.10)
116800:	(-813.10, -1665.49, 53.10)
117600:	(-814.10, -1665.50, 52.10)
118400:	(-815.10, -1665.50, 51.10)
119200:	(-816.10, -1665.50, 50.10)
120000:	(-817.10, -1665.50, 49.10)
120800:	(-818.10, -1665.50, 48.10)
121600:	(-819.10, -1665.50, 47.10)
122400:	(-820.10, -1665.50, 46.10)
123200:	(-821.10, -1665.50, 45.10)
124000:	(-822.10, -1665.50, 44.10)
124800:	(-823.10, -1665.50, 43.10)
125600:	(-824.10, -1665.50, 42.10)
126400:	(-825.10, -1665.50, 41.10)
127200:	(-826.10, -1665.50, 40.09)
128000:	(-827.10, -1665.50, 39.09)
128800:	(-828.10, -1665.50, 38.09)
129600:	(-829.10, -1665.50, 37.09)
130400:	(-830.10, -1665.51, 36.09)
131200:	(-831.10, -1665.51, 35.09)
132000:	(-832.10, -1665.51, 34.09)
132800:	(-833.10, -1665.51, 33.09)
133600:	(-834.10, -1665.51, 32.09)
134400:	(-835.10, -1665.51, 31.09)
135200:	(-836.10, -1665.51, 30.09)
136000:	(-837.10, -1665.51, 29.09)
136800:	(-838.10, -1665.51, 28.09)
137600:	(-839.10, -1665.51, 27.09)
138400:	(-840.10, -1665.51, 26.09)
139200:	(-841.10, -1665.51, 25.09)
140000:	(-842.10, -1665.51, 24.09)
140800:	(-843.10, -1665.51, 23.09)
141600:	(-844.10, -1665.51, 22.09)
142400:	(-845.10, -1665.52, 21.09)
143200:	(-846.10, -1665.52, 20.09)
144000:	(-847.10, -1665.52, 19.09)
144800:	(-848.10, -1665.52, 18.09)
145600:	(-849.10, -1665.52, 17.09)
146400:	(-850.10, -1665.52, 16.09)
147200:	(-851.10, -1665.52, 15.09)
148000:	(-852.10, -1665.52, 14.09)
148800:	(-853.10, -1665.52, 13.09)
149600:	(-854.11, -1665.52, 12.09)
150400:	(-855.11, -1665.52, 11.09)
151200:	(-856.11, -1665.52, 10.09)
152000:	(-857.11, -1665.52, 9.09)
152800:	(-858.11, -1665.52, 8.09)
153600:	(-859.11, -1665.52, 7.09)
154400:	(-860.11, -1665.53, 6.09)
155200:	(-861.11, -1665.53, 5.09)
156000:	(-862.11, -1665.53, 4.09)
156800:	(-863.11, -1665.53, 3.09)
157600:	(-864.11, -1665.53, 2.09)
158400:	(-865.11, -1665.53, 1.09)
159200:	(-866.11, -1665.53, 0.09)
160000:	(-867.11, -1665.53, -0.91)
160800:	(-868.11, -1665.53, -1.91)
161600:	(-869.11, -1665.53, -2.91)
162400:	(-870.11, -1665.53, -3.91)
163200:	(-871.11, -1665.53, -4.91)
164000:	(-872.11, -1665.53, -5.91)
164800:	(-873.11, -1665.53, -6.91)
165600:	(-874.11, -1665.53, -7.91)
166400:	(-875.11, -1665.53, -8.91)
167200:	(-876.11, -1665.54, -9.91)
168000:	(-877.11, -1665.54, -10.92)
168800:	(-878.11, -1665.54, -11.92)
169600:	(-879.11, -1665.54, -12.92)
170400:	(-880.11, -1665.54, -13.92)
171200:	(-881.11, -1665.54, -14.92)
172000:	(-882.11, -1665.54, -15.92)
172800:	(-883.11, -1665.54, -16.92)
173600:	(-884.11, -1665.54, -17.92)
174400:	(-885.11, -1665.54, -18.92)
175200:	(-886.11, -1665.54, -19.92)
176000:	(-887.11, -1665.54, -20.92)
176800:	(-888.11, -1665.54, -21.92)
177600:	(-889.11, -1665.54, -22.92)
178400:	(-890.11, -1665.54, -23.92)
179200:	(-891.11, -1665.55, -24.92)
180000:	(-892.11, -1665.55, -25.92)
180800:	(-893.11, -1665.55, -26.92)
181600:	(-894.11, -1665.55, -27.92)
182400:	(-895.11, -1665.55, -28.92)
183200:	(-896.11, -1665.55, -29.92)
184000:	(-897.11, -1665.55, -30.92)
184800:	(-898.11, -1665.55, -31.92)
185600:	(-899.11, -1665.55, -32.92)
186400:	(-900.11, -1665.55, -33.92)
187200:	(-901.11, -1665.55, -34.92)
188000:	(-902.11, -1665.55, -35.92)
188800:	(-903.11, -1665.55, -36.92)
189600:	(-904.11, -1665.55, -37.92)
190400:	(-905.11, -1665.56, -38.92)
191200:	(-906.11, -1665.56, -39.92)
192000:	(-907.11, -1665.56, -40.92)
192800:	(-908.11, -1665.56, -41.92)
193600:	(-909.11, -1665.56, -42.92)
194400:	(-910.11, -1665.56, -43.92)
195200:	(-911.11, -1665.56, -44.92)
196000:	(-912.11, -1665.56, -45.92)
196800:	(-913.11, -1665.56, -46.92)
197600:	(-914.11, -1665.56, -47.92)
198400:	(-915.11, -1665.56, -48.92)
199200:	(-916.11, -1665.56, -49.92)
200000:	(-917.11, -1665.56, -50.92)
200800:	(-918.11, -1665.56, -51.92)
201600:	(-919.11, -1665.56, -52.92)
202400:	(-920.11, -1665.57, -53.92)
203200:	(-921.11, -1665.57, -54.92)
204000:	(-922.11, -1665.57, -55.92)
204800:	(-923.11, -1665.57, -56.92)
205600:	(-924.11, -1665.57, -57.92)
206400:	(-925.11, -1665.57, -58.92)
207200:	(-926.11, -1665.57, -59.92)
208000:	(-927.11, -1665.57, -60.92)
208800:	(-928.11, -1665.57, -61.92)
209600:	(-929.11, -1665.57, -62.92)
210400:	(-930.11, -1665.57, -63.92)
211200:	(-931.11, -1665.57, -64.92)
212000:	(-932.11, -1665.57, -65.92)
212800:	(-933.11, -1665.57, -66.92)
213600:	(-934.11, -1665.57, -67.93)
214400:	(-935.11, -1665.58, -68.93)
215200:	(-936.11, -1665.58, -69.93)
216000:	(-937.11, -1665.58, -70.93)
216800:	(-938.11, -1665.58, -71.93)
217600:	(-939.11, -1665.58, -72.93)
218400:	(-940.11, -1665.58, -73.93)
219200:	(-941.11, -1665.58, -74.93)
220000:	(-942.11, -1665.58, -75.93)
220800:	(-943.11, -1665.58, -76.93)
221600:	(-944.11, -1665.58, -77.93)
222400:	(-945.11, -1665.58, -78.93)
223200:	(-946.11, -1665.58, -79.93)
224000:	(-947.11, -1665.58, -80.93)
224800:	(-948.11, -1665.58, -81.93)
225600:	(-949.11, -1665.59, -82.93)
226400:	(-950.11, -1665.59, -83.93)
227200:	(-951.11, -1665.59, -84.93)
228000:	(-952.11, -1665.59, -85.93)
228800:	(-953.11, -1665.59, -86.93)
229600:	(-954.11, -1665.59, -87.93)
230400:	(-955.11, -1665.59, -88.93)
231200:	(-956.11, -1665.59, -89.93)
232000:	(-957.11, -1665.59, -90.93)
232800:	(-958.11, -1665.59, -91.93)
233600:	(-959.11, -1665.59, -92.93)
234400:	(-960.11, -1665.59, -93.93)
235200:	(-961.11, -1665.59, -94.93)
236000:	(-962.11, -1665.59, -95.93)
236800:	(-963.11, -1665.59, -96.93)
237600:	(-964.11, -1665.60, -97.93)
238400:	(-965.11, -1665.60, -98.93)
239200:	(-966.11, -1665.60, -99.93)
240000:	(-967.11, -1665.60, -100.93)
240800:	(-968.11, -1665.60, -101.93)
241600:	(-969.11, -1665.60, -102.93)
242400:	(-970.11, -1665.60, -103.93)
243200:	(-971.11, -1665.60, -104.93)
244000:	(-972.11, -1665.60, -105.93)
244800:	(-973.11, -1665.60, -106.93)
245600:	(-974.11, -1665.60, -107.93)
246400:	(-975.11, -1665.60, -108.93)
247200:	(-976.11, -1665.60, -109.93)
248000:	(-977.11, -1665.60, -110.93)
248800:	(-978.11, -1665.61, -111.93)
249600:	(-979.11, -1665.61, -112.93)
250400:	(-980.11, -1665.61, -113.93)
251200:	(-981.11, -1665.61, -114.93)
252000:	(-982.11, -1665.61, -115.93)
252800:	(-983.11, -1665.61, -116.93)
253600:	(-984.11, -1665.61, -117.93)
254400:	(-985.11, -1665.61, -118.93)
255200:	(-986.11, -1665.61, -119.93)
256000:	(-987.11, -1665.61, -120.93)
256800:	(-988.11, -1665.61, -121.93)
257600:	(-989.11, -1665.61, -122.93)
258400:	(-990.11, -1665.61, -123.93)
259200:	(-991.11, -1665.61, -124.93)
260000:	(-992.11, -1665.62, -125.93)
260800:	(-993.11, -1665.62, -126.93)
261600:	(-994.11, -1665.62, -127.93)
262400:	(-995.11, -1665.62, -128.93)
263200:	(-996.11, -1665.62, -129.93)
264000:	(-997.11, -1665.62, -130.93)
264800:	(-998.11, -1665.62, -131.93)
265600:	(-999.11, -1665.62, -132.93)
266400:	(-1000.11, -1665.62, -133.94)
267200:	(-1001.11, -1665.62, -134.94)
268000:	(-1002.11, -1665.62, -135.94)
268800:	(-1003.11, -1665.62, -136.94)
269600:	(-1004.11, -1665.62, -137.94)
270400:	(-1005.11, -1665.62, -138.94)
271200:	(-1006.11, -1665.63, -139.94)
272000:	(-1007.11, -1665.63, -140.94)
272800:	(-1008.11, -1665.63, -141.94)
273600:	(-1009.11, -1665.63, -142.94)
274400:	(-1010.11, -1665.63, -143.94)
275200:	(-1011.11, -1665.63, -144.94)
276000:	(-1012.11, -1665.63, -145.94)
276800:	(-1013.11, -1665.63, -146.94)
277600:	(-1014.11, -1665.63, -147.94)
278400:	(-1015.11, -1665.63, -148.94)
279200:	(-1016.11, -1665.63, -149.94)
280000:	(-1017.11, -1665.63, -150.94)
280800:	(-1018.11, -1665.63, -151.94)
281600:	(-1019.11, -1665.63, -152.94)
282400:	(-1020.11, -1665.64, -153.94)
283200:	(-1021.11, -1665.64, -154.94)
284000:	(-1022.11, -1665.64, -155.94)
284800:	(-1023.11, -1665.64, -156.94)
285600:	(-1024.11, -1665.64, -157.94)
286400:	(-1025.11, -1665.64, -158.94)
287200:	(-1026.11, -1665.64, -159.94)
288000:	(-1027.11, -1665.64, -160.94)
288800:	(-1028.11, -1665.64, -161.94)
289600:	(-1029.11, -1665.64, -162.94)
290400:	(-1030.11, -1665.64, -163.94)
291200:	(-1031.11, -1665.64, -164.94)
292000:	(-1032.11, -1665.64, -165.94)
292800:	(-1033.11, -1665.64, -166.94)
293600:	(-1034.11, -1665.65, -167.94)
294400:	(-1035.11, -1665.65, -168.94)
295200:	(-1036.11, -1665.65, -169.94)
296000:	(-1037.11, -1665.65, -170.94)
296800:	(-1038.11, -1665.65, -171.94)
297600:	(-1039.11, -1665.65, -172.94)
298400:	(-1040.11, -1665.65, -173.94)
299200:	(-1041.11, -1665.65, -174.94)
300000:	(-1042.11, -1665.65, -175.94)
300800:	(-1043.11, -1665.65, -176.94)
301600:	(-1044.11, -1665.65, -177.94)
302400:	(-1045.11, -1665.65, -178.94)
303200:	(-1046.11, -1665.65, -179.94)
304000:	(-1047.11, -1665.65, -180.94)
304800:	(-1048.11, -1665.66, -181.94)
305600:	(-1049.11, -1665.66, -182.94)
306400:	(-1050.11, -1665.66, -183.94)
307200:	(-1051.11, -1665.66, -184.94)
308000:	(-1052.11, -1665.66, -185.94)
308800:	(-1053.11, -1665.66, -186.94)
309600:	(-1054.11, -1665.66, -187.94)
310400:	(-1055.11, -1665.66, -188.94)
311200:	(-1056.11, -1665.66, -189.94)
312000:	(-1057.11, -1665.66, -190.94)
312800:	(-1058.11, -1665.66, -191.94)
313600:	(-1059.11, -1665.66, -192.94)
314400:	(-1060.11, -1665.66, -193.94)
315200:	(-1061.12, -1665.66, -194.94)
316000:	(-1062.12, -1665.67, -195.94)
316800:	(-1063.12, -1665.67, -196.94)
317600:	(-1064.12, -1665.67, -197.94)
318400:	(-1065.12, -1665.67, -198.94)
319200:	(-1066.12, -1665.67, -199.94)
320000:	(-1067.12, -1665.67, -200.94)
320800:	(-1068.12, -1665.67, -201.94)
321600:	(-1069.12, -1665.67, -202.94)
322400:	(-1070.12, -1665.67, -203.94)
323200:	(-1071.12, -1665.67, -204.94)
324000:	(-1072.12, -1665.67, -205.94)
324800:	(-1073.12, -1665.67, -206.94)
325600:	(-1074.12, -1665.67, -207.94)
326400:	(-1075.12, -1665.68, -208.94)
327200:	(-1076.12, -1665.68, -209.94)
328000:	(-1077.12, -1665.68, -210.94)
328800:	(-1078.12, -1665.68, -211.94)
329600:	(-1079.12, -1665.68, -212.94)
330400:	(-1080.12, -1665.68, -213.94)
331200:	(-1081.12, -1665.68, -214.94)
332000:	(-1082.12, -1665.68, -215.94)
332800:	(-1083.12, -1665.68, -216.94)
333600:	(-1084.12, -1665.68, -217.94)
334400:	(-1085.12, -1665.68, -218.94)
335200:	(-1086.12, -1665.68, -219.94)
336000:	(-1087.12, -1665.68, -220.95)
336800:	(-1088.12, -1665.68, -221.95)
337600:	(-1089.12, -1665.69, -222.95)
338400:	(-1090.12, -1665.69, -223.95)
339200:	(-1091.12, -1665.69, -224.95)
340000:	(-1092.12, -1665.69, -225.95)
340800:	(-1093.12, -1665.69, -226.95)
341600:	(-1094.12, -1665.69, -227.95)
342400:	(-1095.12, -1665.69, -228.95)
343200:	(-1096.12, -1665.69, -229.95)
344000:	(-1097.12, -1665.69, -230.95)
344800:	(-1098.12, -1665.69, -231.95)
345600:	(-1099.12, -1665.69, -232.95)
346400:	(-1100.12, -1665.69, -233.95)
347200:	(-1101.12, -1665.69, -234.95)
348000:	(-1102.12, -1665.69, -235.95)
348800:	(-1103.12, -1665.70, -236.95)
349600:	(-1104.12, -1665.70, -237.95)
350400:	(-1105.12, -1665.70, -238.95)
351200:	(-1106.12, -1665.70, -239.95)
352000:	(-1107.12, -1665.70, -240.95)
352800:	(-1108.12, -1665.70, -241.95)
353600:	(-1109.12, -1665.70, -242.95)
354400:	(-1110.12, -1665.70, -243.95)
355200:	(-1111.12, -1665.70, -244.95)
356000:	(-1112.12, -1665.70, -245.95)
356800:	(-1113.12, -1665.70, -246.95)
357600:	(-1114.12, -1665.70, -247.95)
358400:	(-1115.12, -1665.70, -248.95)
359200:	(-1116.12, -1665.71, -249.95)
360000:	(-1117.12, -1665.71, -250.95)
360800:	(-1118.12, -1665.71, -251.95)
361600:	(-1119.12, -1665.71, -252.95)
362400:	(-1120.12, -1665.71, -253.95)
363200:	(-1121.12, -1665.71, -254.95)
364000:	(-1122.12, -1665.71, -255.95)
364800:	(-1123.12, -1665.71, -256.95)
365600:	(-1124.12, -1665.71, -257.95)
366400:	(-1125.12, -1665.71, -258.95)
367200:	(-1126.12, -1665.71, -259.95)
368000:	(-1127.12, -1665.71, -260.95)
368800:	(-1128.12, -1665.71, -261.95)
369600:	(-1129.12, -1665.71, -262.95)
370400:	(-1130.12, -1665.72, -263.95)
371200:	(-1131.12, -1665.72, -264.95)
372000:	(-1132.12, -1665.72, -265.95)
372800:	(-1133.12, -1665.72, -266.95)
373600:	(-1134.12, -1665.72, -267.95)
374400:	(-1135.12, -1665.72, -268.95)
375200:	(-1136.12, -1665.72, -269.95)
376000:	(-1137.12, -1665.72, -270.95)
376800:	(-1138.12, -1665.72, -271.95)
377600:	(-1139.12, -1665.72, -272.95)
378400:	(-1140.12, -1665.72, -273.95)
379200:	(-1141.12, -1665.72, -274.95)
380000:	(-1142.12, -1665.72, -275.95)
380800:	(-1143.12, -1665.73, -276.95)
381600:	(-1144.12, -1665.73, -277.95)
382400:	(-1145.12, -1665.73, -278.95)
383200:	(-1146.12, -1665.73, -279.95)
384000:	(-1147.12, -1665.73, -280.95)
384800:	(-1148.12, -1665.73, -281.95)
385600:	(-1149.12, -1665.73, -282.95)
386400:	(-1150.12, -1665.73, -283.95)
387200:	(-1151.12, -1665.73, -284.95)
388000:	(-1152.12, -1665.73, -285.95)
388800:	(-1153.12, -1665.73, -286.95)
389600:	(-1154.12, -1665.73, -287.95)
390400:	(-1155.12, -1665.73, -288.95)
391200:	(-1156.12, -1665.73, -289.95)
392000:	(-1157.12, -1665.74, -290.95)
392800:	(-1158.12, -1665.74, -291.95)
393600:	(-1159.12, -1665.74, -292.95)
394400:	(-1160.12, -1665.74, -293.95)
395200:	(-1161.12, -1665.74, -294.95)
396000:	(-1162.12, -1665.74, -295.95)
396800:	(-1163.12, -1665.74, -296.95)
397600:	(-1164.12, -1665.74, -297.95)
398400:	(-1165.12, -1665.74, -298.95)
399200:	(-1166.12, -1665.74, -299.95)
400000:	(-1167.12, -1665.74, -300.95)
400800:	(-1168.12, -1665.74, -301.95)
401600:	(-1169.12, -1665.74, -302.95)
402400:	(-1170.12, -1665.75, -303.95)
403200:	(-1171.12, -1665.75, -304.95)
404000:	(-1172.12, -1665.75, -305.95)
404800:	(-1173.12, -1665.75, -306.95)
405600:	(-1174.12, -1665.75, -307.95)
406400:	(-1175.12, -1665.75, -308.95)
407200:	(-1176.12, -1665.75, -309.95)
408000:	(-1177.12, -1665.75, -310.95)
408800:	(-1178.12, -1665.75, -311.95)
409600:	(-1179.12, -1665.75, -312.95)
410400:	(-1180.12, -1665.75, -313.95)
411200:	(-1181.12, -1665.75, -314.95)
412000:	(-1182.12, -1665.75, -315.95)
412800:	(-1183.12, -1665.76, -316.95)
413600:	(-1184.12, -1665.76, -317.95)
414400:	(-1185.12, -1665.76, -318.95)
415200:	(-1186.12, -1665.76, -319.95)
416000:	(-1187.12, -1665.76, -320.95)
416800:	(-1188.12, -1665.76, -321.95)
417600:	(-1189.12, -1665.76, -322.95)
418400:	(-1190.12, -1665.76, -323.95)
419200:	(-1191.12, -1665.76, -324.95)
420000:	(-1192.12, -1665.76, -325.95)
420800:	(-1193.12, -1665.76, -326.95)
421600:	(-1194.12, -1665.76, -327.95)
422400:	(-1195.12, -1665.76, -328.95)
423200:	(-1196.12, -1665.76, -329.95)
424000:	(-1197.12, -1665.77, -330.95)
424800:	(-1198.12, -1665.77, -331.95)
425600:	(-1199.12, -1665.77, -332.95)
426400:	(-1200.12, -1665.77, -333.95)
427200:	(-1201.12, -1665.77, -334.95)
428000:	(-1202.12, -1665.77, -335.95)
428800:	(-1203.12, -1665.77, -336.95)
429600:	(-1204.12, -1665.77, -337.95)
430400:	(-1205.12, -1665.77, -338.95)
431200:	(-1206.12, -1665.77, -339.95)
432000:	(-1207.12, -1665.77, -340.95)
432800:	(-1208.12, -1665.77, -341.95)
433600:	(-1209.12, -1665.77, -342.95)
434400:	(-1210.12, -1665.78, -343.95)
435200:	(-1211.12, -1665.78, -344.95)
436000:	(-1212.12, -1665.78, -345.95)
436800:	(-1213.12, -1665.78, -346.95)
437600:	(-1214.12, -1665.78, -347.95)
438400:	(-1215.12, -1665.78, -348.95)
439200:	(-1216.12, -1665.78, -349.95)
440000:	(-1217.12, -1665.78, -350.95)
440800:	(-1218.12, -1665.78, -351.95)
441600:	(-1219.12, -1665.78, -352.95)
442400:	(-1220.12, -1665.78, -353.95)
443200:	(-1221.12, -1665.78, -354.95)
444000:	(-1222.12, -1665.78, -355.95)
444800:	(-1223.12, -1665.79, -356.95)
445600:	(-1224.12, -1665.79, -357.95)
446400:	(-1225.12, -1665.79, -358.95)
447200:	(-1226.12, -1665.79, -359.95)
448000:	(-1227.12, -1665.79, -360.95)
448800:	(-1228.12, -1665.79, -361.95)
449600:	(-1229.12, -1665.79, -362.95)
450400:	(-1230.12, -1665.79, -363.95)
451200:	(-1231.12, -1665.79, -364.95)
452000:	(-1232.12, -1665.79, -365.95)
452800:	(-1233.12, -1665.79, -366.95)
453600:	(-1234.12, -1665.79, -367.95)
454400:	(-1235.12, -1665.79, -368.95)
455200:	(-1236.12, -1665.79, -369.95)
456000:	(-1237.12, -1665.80, -370.95)
456800:	(-1238.12, -1665.80, -371.95)
457600:	(-1239.12, -1665.80, -372.95)
458400:	(-1240.12, -1665.80, -373.95)
459200:	(-1241.12, -1665.80, -374.95)
460000:	(-1242.12, -1665.80, -375.95)
460800:	(-1243.12, -1665.80, -376.95)
461600:	(-1244.12, -1665.80, -377.95)
462400:	(-1245.12, -1665.80, -378.95)
463200:	(-1246.12, -1665.80, -379.95)
464000:	(-1247.12, -1665.80, -380.95)
464800:	(-1248.12, -1665.80, -381.95)
465600:	(-1249.12, -1665.80, -382.95)
466400:	(-1250.12, -1665.81, -383.95)
467200:	(-1251.12, -1665.81, -384.95)
468000:	(-1252.12, -1665.81, -385.95)
468800:	(-1253.12, -1665.81, -386.95)
469600:	(-1254.12, -1665.81, -387.95)
470400:	(-1255.12, -1665.81, -388.95)
471200:	(-1256.12, -1665.81, -389.95)
472000:	(-1257.12, -1665.81, -390.95)
472800:	(-1258.12, -1665.81, -391.95)
473600:	(-1259.12, -1665.81, -392.95)
474400:	(-1260.12, -1665.81, -393.95)
475200:	(-1261.12, -1665.81, -394.95)
476000:	(-1262.12, -1665.81, -395.95)
476800:	(-1263.12, -1665.82, -396.95)
477600:	(-1264.12, -1665.82, -397.95)
478400:	(-1265.12, -1665.82, -398.95)
479200:	(-1266.12, -1665.82, -399.95)
480000:	(-1267.12, -1665.82, -400.95)
480800:	(-1268.12, -1665.82, -401.95)
481600:	(-1269.12, -1665.82, -402.95)
482400:	(-1270.12, -1665.82, -403.95)
483200:	(-1271.12, -1665.82, -404.95)
484000:	(-1272.12, -1665.82, -405.95)
484800:	(-1273.12, -1665.82, -406.95)
485600:	(-1274.12, -1665.82, -407.95)
486400:	(-1275.12, -1665.82, -408.95)
487200:	(-1276.12, -1665.82, -409.95)
488000:	(-1277.12, -1665.83, -410.95)
488800:	(-1278.12, -1665.83, -411.95)
489600:	(-1279.12, -1665.83, -412.95)
490400:	(-1280.12, -1665.83, -413.95)
491200:	(-1281.12, -1665.83, -414.95)
492000:	(-1282.12, -1665.83, -415.95)
492800:	(-1283.12, -1665.83, -416.95)
493600:	(-1284.12, -1665.83, -417.95)
494400:	(-1285.12, -1665.83, -418.95)
495200:	(-1286.12, -1665.83, -419.95)
496000:	(-1287.12, -1665.83, -420.95)
496800:	(-1288.12, -1665.83, -421.95)
497600:	(-1289.12, -1665.83, -422.95)
498400:	(-1290.12, -1665.84, -423.95)
499200:	(-1291.12, -1665.84, -424.95)
500000:	(-1292.12, -1665.84, -425.95)
500800:	(-1293.12, -1665.84, -426.95)
501600:	(-1294.12, -1665.84, -427.95)
502400:	(-1295.12, -1665.84, -428.95)
503200:	(-1296.12, -1665.84, -429.95)
504000:	(-1297.12, -1665.84, -430.95)
504800:	(-1298.12, -1665.84, -431.95)
505600:	(-1299.12, -1665.84, -432.95)
506400:	(-1300.12, -1665.84, -433.95)
507200:	(-1301.12, -1665.84, -434.95)
508000:	(-1302.12, -1665.84, -435.95)
508800:	(-1303.12, -1665.85, -436.95)
509600:	(-1304.12, -1665.85, -437.95)
510400:	(-1305.12, -1665.85, -438.95)
511200:	(-1306.12, -1665.85, -439.95)
512000:	(-1307.12, -1665.85, -440.95)
512800:	(-1308.12, -1665.85, -441.95)
513600:	(-1309.12, -1665.85, -442.95)
514400:	(-1310.12, -1665.85, -443.95)
515200:	(-1311.12, -1665.85, -444.95)
516000:	(-1312.12, -1665.85, -445.95)
516800:	(-1313.12, -1665.85, -446.95)
517600:	(-1314.12, -1665.85, -447.95)
518400:	(-1315.12, -1665.85, -448.95)
519200:	(-1316.12, -1665.85, -449.95)
520000:	(-1317.12, -1665.86, -450.95)
520800:	(-1318.12, -1665.86, -451.95)
521600:	(-1319.12, -1665.86, -452.95)
522400:	(-1320.12, -1665.86, -453.95)
523200:	(-1321.12, -1665.86, -454.95)
524000:	(-1322.12, -1665.86, -455.95)
524800:	(-1323.12, -1665.86, -456.95)
525600:	(-1324.12, -1665.86, -457.95)
526400:	(-1325.12, -1665.86, -458.95)
527200:	(-1326.12, -1665.86, -459.95)
528000:	(-1327.12, -1665.86, -460.95)
528800:	(-1328.12, -1665.86, -461.95)
529600:	(-1329.12, -1665.86, -462.95)
530400:	(-1330.12, -1665.87, -463.95)
531200:	(-1331.12, -1665.87, -464.95)
532000:	(-1332.12, -1665.87, -465.95)
532800:	(-1333.12, -1665.87, -466.95)
533600:	(-1334.12, -1665.87, -467.95)
534400:	(-1335.12, -1665.87, -468.95)
535200:	(-1336.12, -1665.87, -469.95)
536000:	(-1337.12, -1665.87, -470.95)
536800:	(-1338.12, -1665.87, -471.95)
537600:	(-1339.12, -1665.87, -472.95)
538400:	(-1340.12, -1665.87, -473.95)
539200:	(-1341.12, -1665.87, -474.95)
540000:	(-1342.12, -1665.87, -475.95)
540800:	(-1343.12, -1665.88, -476.95)
541600:	(-1344.12, -1665.88, -477.95)
542400:	(-1345.12, -1665.88, -478.95)
543200:	(-1346.12, -1665.88, -479.95)
544000:	(-1347.12, -1665.88, -480.95)
544800:	(-1348.12, -1665.88, -481.95)
545600:	(-1349.12, -1665.88, -482.95)
546400:	(-1350.12, -1665.88, -483.95)
547200:	(-1351.12, -1665.88, -484.95)
548000:	(-1352.12, -1665.88, -485.95)
548800:	(-1353.12, -1665.88, -486.95)
549600:	(-1354.12, -1665.88, -487.95)
550400:	(-1355.12, -1665.88, -488.95)
551200:	(-1356.12, -1665.89, -489.95)
552000:	(-1357.12, -1665.89, -490.95)
552800:	(-1358.12, -1665.89, -491.95)
553600:	(-1359.12, -1665.89, -492.95)
554400:	(-1360.12, -1665.89, -493.95)
555200:	(-1361.12, -1665.89, -494.95)
556000:	(-1362.12, -1665.89, -495.95)
556800:	(-1363.12, -1665.89, -496.95)
557600:	(-1364.12, -1665.89, -497.95)
558400:	(-1365.12, -1665.89, -498.95)
559200:	(-1366.12, -1665.89, -499.95)
560000:	(-1367.12, -1665.89, -500.95)
560800:	(-1368.12, -1665.89, -501.95)
561600:	(-1369.12, -1665.89, -502.95)
562400:	(-1370.12, -1665.90, -503.95)
563200:	(-1371.12, -1665.90, -504.95)
564000:	(-1372.12, -1665.90, -505.95)
564800:	(-1373.12, -1665.90, -506.95)
565600:	(-1374.12, -1665.90, -507.95)
566400:	(-1375.12, -1665.90, -508.95)
567200:	(-1376.12, -1665.90, -509.95)
568000:	(-1377.12, -1665.90, -510.95)
568800:	(-1378.12, -1665.90, -511.95)
569600:	(-1379.12, -1665.90, -512.95)
570400:	(-1380.12, -1665.90, -513.95)
571200:	(-1381.12, -1665.90, -514.95)
572000:	(-1382.12, -1665.90, -515.95)
572800:	(-1383.12, -1665.91, -516.95)
573600:	(-1384.12, -1665.91, -517.95)
574400:	(-1385.12, -1665.91, -518.95)
575200:	(-1386.12, -1665.91, -519.95)
576000:	(-1387.12, -1665.91, -520.95)
576800:	(-1388.12, -1665.91, -521.95)
577600:	(-1389.12, -1665.91, -522.95)
578400:	(-1390.12, -1665.91, -523.95)
579200:	(-1391.12, -1665.91, -524.95)
580000:	(-1392.12, -1665.91, -525.95)
580800:	(-1393.12, -1665.91, -526.95)
581600:	(-1394.12, -1665.91, -527.95)
582400:	(-1395.12, -1665.91, -528.95)
583200:	(-1396.12, -1665.91, -529.95)
584000:	(-1397.12, -1665.92, -530.95)
584800:	(-1398.12, -1665.92, -531.95)
585600:	(-1399.12, -1665.92, -532.95)
586400:	(-1400.12, -1665.92, -533.95)
587200:	(-1401.12, -1665.92, -534.95)
588000:	(-1402.12, -1665.92, -535.95)
588800:	(-1403.12, -1665.92, -536.95)
589600:	(-1404.12, -1665.92, -537.95)
590400:	(-1405.12, -1665.92, -538.95)
591200:	(-1406.12, -1665.92, -539.95)
592000:	(-1407.12, -1665.92, -540.95)
592800:	(-1408.12, -1665.92, -541.95)
593600:	(-1409.12, -1665.92, -542.95)
594400:	(-1410.12, -1665.93, -543.95)
595200:	(-1411.12, -1665.93, -544.95)
596000:	(-1412.12, -1665.93, -545.95)
596800:	(-1413.12, -1665.93, -546.95)
597600:	(-1414.12, -1665.93, -547.95)
598400:	(-1415.12, -1665.93, -548.95)
599200:	(-1416.12, -1665.93, -549.95)
600000:	(-1417.12, -1665.93, -550.95)
600800:	(-1418.12, -1665.93, -551.95)
601600:	(-1419.12, -1665.93, -552.95)
602400:	(-1420.12, -1665.93, -553.95)
603200:	(-1421.12, -1665.93, -554.95)
604000:	(-1422.12, -1665.93, -555.95)
604800:	(-1423.12, -1665.93, -556.95)
605600:	(-1424.12, -1665.94, -557.95)
606400:	(-1425.12, -1665.94, -558.95)
607200:	(-1426.12, -1665.94, -559.95)
608000:	(-1427.12, -1665.94, -560.95)
608800:	(-1428.12, -1665.94, -561.95)
609600:	(-1429.12, -1665.94, -562.95)
610400:	(-1430.12, -1665.94, -563.95)
611200:	(-1431.12, -1665.94, -564.95)
612000:	(-1432.12, -1665.94, -565.95)
612800:	(-1433.12, -1665.94, -566.95)
613600:	(-1434.12, -1665.94, -567.95)
614400:	(-1435.12, -1665.94, -568.95)
615200:	(-1436.12, -1665.94, -569.95)
616000:	(-1437.12, -1665.95, -570.95)
616800:	(-1438.12, -1665.95, -571.95)
617600:	(-1439.12, -1665.95, -572.95)
618400:	(-1440.12, -1665.95, -573.95)
619200:	(-1441.12, -1665.95, -574.95)
620000:	(-1442.12, -1665.95, -575.95)
620800:	(-1443.12, -1665.95, -576.95)
621600:	(-1444.12, -1665.95, -577.95)
622400:	(-1445.12, -1665.95, -578.95)
623200:	(-1446.12, -1665.95, -579.95)
624000:	(-1447.12, -1665.95, -580.94)
624800:	(-1448.12, -1665.95, -581.94)
625600:	(-1449.12, -1665.95, -582.94)
626400:	(-1450.12, -1665.95, -583.94)
627200:	(-1451.12, -1665.96, -584.94)
628000:	(-1452.12, -1665.96, -585.94)
628800:	(-1453.12, -1665.96, -586.94)
629600:	(-1454.12, -1665.96, -587.94)
630400:	(-1455.12, -1665.96, -588.94)
631200:	(-1456.12, -1665.96, -589.94)
632000:	(-1457.12, -1665.96, -590.94)
632800:	(-1458.12, -1665.96, -591.94)
633600:	(-1459.12, -1665.96, -592.94)
634400:	(-1460.12, -1665.96, -593.94)
635200:	(-1461.12, -1665.96, -594.94)
636000:	(-1462.12, -1665.96, -595.94)
636800:	(-1463.12, -1665.96, -596.94)
637600:	(-1464.12, -1665.96, -597.94)
638400:	(-1465.12, -1665.97, -598.94)
639200:	(-1466.12, -1665.97, -599.94)
